00001        2458938.3333333      1.765961657    -1.985461374    -1.295794231     0.007754498     0.005655268     0.001087466
00002        2458938.3333333      0.139859358    -3.200435519     0.623420406     0.008569787    -0.001023343    -0.000403625
00003        2458938.3333333     -2.962808910    -0.715380690    -0.014951797     0.000144200    -0.008966281    -0.001691121
00004        2458938.3333333      0.396909602     2.375871813     0.894770158    -0.010066076     0.000928274     0.001687775
00005        2458938.3333333     -1.700810480     1.100048774     0.488627273    -0.007606586    -0.010094815    -0.003052125
00006        2458938.3333333     -2.768593227    -0.865328380     0.295012976     0.002238071    -0.008425401    -0.002222838
00007        2458938.3333333     -0.555155207    -2.512087523    -1.094358910     0.009314567    -0.000717022     0.000662032
00008        2458938.3333333      1.494162074    -1.308985744    -0.665743464     0.007068965     0.009452284     0.002960895
00009        2458938.3333333      0.198066430     1.890948479     0.880000670    -0.012456868     0.000794267     0.001634010
00010        2458938.3333333      0.512449249     3.096392011     1.435741981    -0.008734378     0.000995111    -0.000175278
00011        2458938.3333333      1.869871913    -1.050383412    -0.529514108     0.006526129     0.009710912     0.003218338
00012        2458938.3333333     -2.484361923     1.141768643     0.069040134    -0.002551236    -0.008532587    -0.003206954
00013        2458938.3333333      2.383496020     1.030910049     0.156483387    -0.004526543     0.007240881     0.006299932
00014        2458938.3333333      1.666007389     2.172212631     0.677651270    -0.008461921     0.003729994     0.003149904
00015        2458938.3333333      1.770254372     0.877805857     0.851397043    -0.006819653     0.010071873     0.003896009
00016        2458938.3333333      2.476308982     0.525367921     0.127641880    -0.002591613     0.010451836     0.004035845
00017        2458938.3333333      1.082793758    -1.761995736    -0.739420437     0.011018666     0.005228176     0.000987870
00018        2458938.3333333      1.643825884     0.725775441     0.040871201    -0.005407508     0.012531129     0.003754460
00019        2458938.3333333      1.188981007    -1.945667805    -0.771568927     0.008727789     0.006409851     0.002735246
00020        2458938.3333333      1.494950604    -2.104115696    -0.875802792     0.007810004     0.005306207     0.002276798
00021        2458938.3333333      1.136192968     1.928585591     0.789993845    -0.008904426     0.006161716     0.003248672
00022        2458938.3333333      2.019482902    -1.651090835    -1.431318649     0.006249670     0.007228265     0.002437723
00023        2458938.3333333     -2.098008623    -1.105230695    -0.187356198     0.002818427    -0.009824083    -0.005623203
00024        2458938.3333333     -2.532736867    -1.386964977    -0.597564764     0.004278466    -0.008553853    -0.003853069
00025        2458938.3333333     -2.563044267     0.134763047    -0.530914186     0.002049246    -0.009902567    -0.000481774
00026        2458938.3333333      1.381377483     2.312881672     1.055886056    -0.008483841     0.003952608     0.002342021
00027        2458938.3333333     -2.258355046     0.019001209     0.075934869    -0.002212797    -0.010531141    -0.004470588
00028        2458938.3333333     -0.764041379     2.141376960     0.680574528    -0.011070870    -0.004493768    -0.000162982
00029        2458938.3333333      0.946292745     1.887451776     1.075613011    -0.010572063     0.004131809     0.002256309
00030        2458938.3333333     -2.479637203     0.547226536     0.172594132    -0.003343450    -0.008870647    -0.004189678
00031        2458938.3333333     -1.392392624    -2.646222145    -2.301114528     0.006813046    -0.001437926    -0.003827874
00032        2458938.3333333      2.048636985    -1.671321027    -0.447403202     0.007180803     0.006828092     0.002856745
00033        2458938.3333333      0.694459924     2.188436600     1.029501207    -0.009527194     0.005803976     0.002790169
00034        2458938.3333333      2.933023553    -0.340109027    -0.087856829     0.000775148     0.009001752     0.002923407
00035        2458938.3333333     -0.572695146     2.549968776     1.541783739    -0.008968147    -0.003321884    -0.002180142
00036        2458938.3333333      0.632224042     1.372409695     1.235435963    -0.012705957     0.004433461     0.003795917
00037        2458938.3333333     -2.101687877     1.158241933     0.593008107    -0.007433112    -0.007626393    -0.003743759
00038        2458938.3333333     -2.516702648    -0.763234592    -0.689443521     0.002247792    -0.009261438    -0.004336692
00039        2458938.3333333      2.256502765     1.004179168     0.083925803    -0.004310507     0.010289027     0.002856417
00040        2458938.3333333     -2.104290841    -1.042464397    -0.275364207     0.005111480    -0.008742918    -0.004146835
00041        2458938.3333333      1.727280642     2.984027815     0.385367633    -0.007277435     0.003195371     0.000496795
00042        2458938.3333333     -1.609481414    -1.663054276    -0.488116763     0.009659746    -0.004694326    -0.003698730
00043        2458938.3333333     -2.010075409     1.300794539     0.423462622    -0.004637551    -0.008493382    -0.003931728
00044        2458938.3333333      0.864934485    -2.451452764    -0.984960979     0.009110047     0.002746639     0.000579923
00045        2458938.3333333      2.815007906    -0.085138513    -0.210062964     0.001263760     0.009501071     0.002978503
00046        2458938.3333333     -2.728318305     0.984693006     0.377503712    -0.003911265    -0.007797106    -0.003010287
00047        2458938.3333333      0.006112036     2.729769949     1.476363112    -0.009328515     0.000863261     0.000516148
00048        2458938.3333333     -2.747767315    -1.679316649    -0.530631687     0.004589991    -0.007729303    -0.002315000
00049        2458938.3333333      2.004991266    -1.922537663    -0.748119297     0.005802156     0.007842226     0.003880057
00050        2458938.3333333     -2.162437377    -2.200402565    -0.815023867     0.007370742    -0.004112099    -0.001591198
00051        2458938.3333333      2.513227783     0.230465476     0.023750998    -0.001042687     0.010115720     0.002438738
00052        2458938.3333333      2.289940178     1.840354406     0.377707608    -0.007160825     0.006615858     0.003019931
00053        2458938.3333333     -0.969266340    -2.774451152    -0.915245072     0.008085543    -0.003348892    -0.001630821
00054        2458938.3333333      1.667252198     1.814515896     1.410357445    -0.006658605     0.006781975     0.002992452
00055        2458938.3333333     -0.729740412     2.234706086     1.335535466    -0.010475326    -0.001310335    -0.000498280
00056        2458938.3333333     -0.928699889    -1.854598451    -0.546962594     0.012217487    -0.003511179    -0.000577237
00057        2458938.3333333     -1.326379543    -3.164086664    -0.619626044     0.008147802    -0.003079484     0.000223658
00058        2458938.3333333     -2.311028281    -1.122647098    -0.309025857     0.004800319    -0.009240648    -0.003262815
00059        2458938.3333333     -1.241923748    -2.567693901    -0.651058144     0.009070632    -0.003126956    -0.001078379
00060        2458938.3333333      2.107547234     0.739012892     0.295865523    -0.006036430     0.009546913     0.003377370
00061        2458938.3333333      1.776806595    -1.548626834    -0.967655602     0.007464695     0.006034564     0.006402761
00062        2458938.3333333      2.355935609    -1.612038477    -0.737525904     0.004810430     0.008495721     0.003292906
00063        2458938.3333333     -1.787292887     1.702803960     0.857752633    -0.006745861    -0.006513187    -0.003872601
00064        2458938.3333333     -0.754024178    -2.502994742    -1.143002429     0.009165464    -0.003366038    -0.001339013
00065        2458938.3333333     -2.962880380    -1.125666802    -0.332955274     0.004463417    -0.008321710    -0.003182630
00066        2458938.3333333     -2.698468183     0.559062458     0.299130882    -0.003906724    -0.008333061    -0.004117060
00067        2458938.3333333      1.503819744    -1.240252287    -0.336384734     0.008907250     0.009289925     0.003369019
00068        2458938.3333333      1.491540901    -1.506949951    -1.006754169     0.008433853     0.007909710     0.003481035
00069        2458938.3333333     -1.331710824     2.019421793     0.518699670    -0.010099149    -0.005909187    -0.001705866
00070        2458938.3333333     -0.546726569     2.511060780     1.622990073    -0.008887682    -0.001476803     0.000665277
00071        2458938.3333333     -2.191125693     0.023462223    -0.803543115     0.003440537    -0.009404997    -0.006775173
00072        2458938.3333333      0.888531998     2.062140100     0.737644901    -0.009604094     0.005097417     0.001271687
00073        2458938.3333333      0.883738048    -2.331591297    -1.131544056     0.009594868     0.003280792     0.001532407
00074        2458938.3333333      2.117644267    -0.390496469    -0.091625544     0.001458238     0.012132308     0.004340324
00075        2458938.3333333      1.516580270     1.364342300     0.740364803    -0.006678525     0.009533061     0.005153485
00076        2458938.3333333      1.253485190     2.437003631     0.980770944    -0.010075901     0.003672509     0.001282058
00077        2458938.3333333      1.062408194     1.851322649     0.896419591    -0.010692687     0.004959425     0.002414110
00078        2458938.3333333     -2.231584631     0.050333949    -0.146701199    -0.001647648    -0.010374289    -0.006421598
00079        2458938.3333333      2.095505570    -0.540195881    -0.109470580     0.001242018     0.011564651     0.004099664
00080        2458938.3333333     -2.714924524    -0.241177721    -0.340503698     0.001461244    -0.008840921    -0.002499039
00081        2458938.3333333     -1.746320417     1.671248637     1.018379875    -0.009516969    -0.004800121    -0.002886712
00082        2458938.3333333      3.080630095     0.223574315     0.036379381    -0.002350499     0.007965201     0.003938936
00083        2458938.3333333     -1.919440640     1.073426239     0.654253162    -0.005795988    -0.009067114    -0.004523618
00084        2458938.3333333     -2.878283663     0.339816656    -0.087325340    -0.000177042    -0.007575136    -0.004627175
00085        2458938.3333333     -1.177346721    -2.130605590    -0.567376430     0.010638533    -0.003467540     0.000125693
00086        2458938.3333333     -0.977563308     2.378139266     1.137176904    -0.010559800    -0.001937615     0.000117507
00087        2458938.3333333     -2.174123657     2.533673246     1.717711800    -0.007020091    -0.004742270    -0.000938374
00088        2458938.3333333      0.092054313     2.780019223     1.248481906    -0.009188694     0.001680798    -0.000162866
00089        2458938.3333333     -2.586990610    -0.756640159    -1.181762950     0.004771669    -0.007035752    -0.003571516
00090        2458938.3333333     -3.235403993     1.464517435     0.786445304    -0.003319973    -0.006977728    -0.003003540
00091        2458938.3333333      2.108140075    -1.547881742    -0.754094079     0.005661785     0.007627187     0.003597464
00092        2458938.3333333     -2.898777908    -1.739248023    -0.148676704     0.005052619    -0.006632079    -0.003533088
00093        2458938.3333333     -0.884104232     2.546893713     1.600820423    -0.008600423    -0.002359320    -0.001366684
00094        2458938.3333333      0.837425891     2.340388957     1.422532276    -0.010114277     0.002750382     0.001752515
00095        2458938.3333333     -3.357104625     0.031946726    -0.709825547    -0.000361106    -0.008281009    -0.002682421
00096        2458938.3333333      3.234835236    -1.239106622    -0.206191453     0.002957908     0.006186636     0.005143421
00097        2458938.3333333     -0.877874662     1.863914430     0.473197305    -0.012487242    -0.003626781     0.000114976
00098        2458938.3333333      3.091039185    -0.579340945    -0.354655956     0.001357898     0.006712820     0.005472591
00099        2458938.3333333     -2.283726454    -0.209379850     0.301373235     0.001748298    -0.009723739    -0.006871764
00100        2458938.3333333     -1.304305118    -2.404348010    -0.729377210     0.010019378    -0.002972114    -0.002007564
00101        2458938.3333333     -2.795017205     0.827236043     0.372347737    -0.002579706    -0.007419376    -0.005014782
00102        2458938.3333333      1.248241659    -1.688549916    -0.520173965     0.008990168     0.008398263     0.003330083
00103        2458938.3333333      1.911177948     1.759966789     0.491192982    -0.006744288     0.007659598     0.003186744
00104        2458938.3333333      1.963880425     1.686668034     0.734888645    -0.008224180     0.006766922     0.003526204
00105        2458938.3333333     -1.399004341     2.109923064     0.007642839    -0.007619257    -0.007114511    -0.000673712
00106        2458938.3333333      1.431171159    -2.487907806    -1.303494309     0.007831244     0.005434330     0.001988536
00107        2458938.3333333     -2.481763722     2.064932738     0.553749438    -0.006543390    -0.007117420    -0.001560517
00108        2458938.3333333     -1.933889468    -2.120932292    -1.136523190     0.007608584    -0.005815522    -0.002929786
00109        2458938.3333333      2.123720328     0.055145333     0.017114228    -0.003144451     0.010761537     0.006560991
00110        2458938.3333333     -0.866545925    -2.324711370    -1.084857679     0.010146692    -0.001887278    -0.001941457
00111        2458938.3333333     -0.272135790    -2.509597283    -1.262840507     0.009647148    -0.001608452    -0.000042533
00112        2458938.3333333     -2.158578492     1.524844510     0.663495913    -0.006309745    -0.006665510    -0.003372233
00113        2458938.3333333      1.164820043     2.125474478     0.709683996    -0.009538554     0.003759149     0.002166750
00114        2458938.3333333      1.641509091    -2.328711696    -0.828617468     0.008267180     0.004362363     0.001269483
00115        2458938.3333333     -2.540713781     0.466820309    -0.191053771    -0.002886759    -0.008165768    -0.005393627
00116        2458938.3333333      0.595095488     2.356654545     1.063236353    -0.010716098     0.000627713     0.000953099
00117        2458938.3333333     -0.928904787    -2.266173418    -1.833907487     0.009293837    -0.002506199    -0.001369761
00118        2458938.3333333     -1.435657629     1.329609289     0.890946458    -0.010047865    -0.006801522    -0.002572424
00119        2458938.3333333     -0.228756630     2.397833380     0.775698114    -0.010911042     0.000009934    -0.000461396
00120        2458938.3333333     -2.475902974     1.601251899     0.813672963    -0.005422291    -0.007093428    -0.004346091
00121        2458938.3333333     -0.194970534    -3.166324746    -1.493178883     0.009027378     0.001104134    -0.000745521
00122        2458938.3333333     -3.114323087     0.357050220     0.145952771    -0.001372648    -0.009046013    -0.003616699
00123        2458938.3333333     -1.136412803     1.966473537     0.904681291    -0.010515350    -0.003625894    -0.002927844
00124        2458938.3333333     -2.554146729     0.260895712     0.078078567    -0.000370023    -0.010162810    -0.003804660
00125        2458938.3333333     -2.466099879     1.376650945     0.510786953    -0.004525126    -0.008373530    -0.002786195
00126        2458938.3333333     -0.076529323    -2.137765068    -1.046710202     0.011248353     0.000823829     0.000151374
00127        2458938.3333333     -1.328658847     1.845069992     1.201854759    -0.009429732    -0.005329822    -0.002326494
00128        2458938.3333333     -3.005121874     0.236014212     0.461833607    -0.001843671    -0.008343800    -0.003662432
00129        2458938.3333333     -0.356835853    -2.183076010    -0.513258097     0.012163835    -0.001952281    -0.002395468
00130        2458938.3333333      1.997415688     1.425928752    -0.345155763    -0.006306664     0.009971078     0.002216692
00131        2458938.3333333     -1.720365190     1.476871565     0.854691377    -0.007201038    -0.007818488    -0.003096792
00132        2458938.3333333     -0.980071894     1.291288382    -0.047152500    -0.009773591    -0.009715318    -0.007846228
00133        2458938.3333333      0.236427598     3.009372843     1.683326295    -0.008609606     0.000525558    -0.000522668
00134        2458938.3333333     -0.500683950    -2.298401260    -1.621231769     0.009452141    -0.001485754    -0.000466541
00135        2458938.3333333      1.385348281     1.671748959     0.820205685    -0.007671756     0.007806516     0.003651765
00136        2458938.3333333     -0.195053616    -2.089579681    -0.521683563     0.012006461    -0.000340485     0.000146517
00137        2458938.3333333      1.098514519     3.096962617     0.699240464    -0.007736739     0.004642588     0.000205646
00138        2458938.3333333      0.276725878    -1.887975811    -0.905974628     0.012308475     0.002726387     0.000666344
00139        2458938.3333333     -1.904388638     1.090313316     0.758810154    -0.006391516    -0.008588974    -0.005821956
00140        2458938.3333333     -0.079612419     2.938933431     1.221783437    -0.008743392     0.000754044     0.000815433
00141        2458938.3333333     -1.717850181    -1.997377017    -1.548453825     0.008130400    -0.003899902    -0.001147122
00142        2458938.3333333      2.644441555     0.175347082     0.184712958     0.000039319     0.009134388     0.004116374
00143        2458938.3333333      2.701202417     0.823416388     0.842101805    -0.003492872     0.007681528     0.004735934
00144        2458938.3333333     -1.431613676     2.071073230     1.076537929    -0.009689205    -0.003232879    -0.000608156
00145        2458938.3333333      1.388187116    -2.298121101    -1.470631273     0.007921229     0.004459190     0.000269774
00146        2458938.3333333      2.746071483     0.643025450    -0.402396841    -0.000962489     0.008883168     0.004358549
00147        2458938.3333333      2.268817283    -1.936510089    -0.733862255     0.006588828     0.006752200     0.003051726
00148        2458938.3333333     -1.983088879     1.808017018     0.573586872    -0.008035678    -0.006416547     0.001777076
00149        2458938.3333333      1.951090632     0.594751740     0.234994693    -0.004229246     0.010691461     0.004467557
00150        2458938.3333333      2.056797328     1.594736295     0.664408958    -0.006443701     0.008343967     0.003163382
00151        2458938.3333333      0.057128316    -2.287915169    -1.244556295     0.010606761     0.000249257    -0.000714624
00152        2458938.3333333      2.864620203     1.077098731     0.230739413    -0.004014280     0.007321110     0.005367077
00153        2458938.3333333     -1.916689329     3.869260101     1.066453219    -0.006596036    -0.003437126    -0.001837645
00154        2458938.3333333     -2.843725496    -0.772205475     0.159724737     0.001735304    -0.007534598    -0.006939499
00155        2458938.3333333     -0.863736151    -2.929293107    -1.702922457     0.007403457    -0.001605005    -0.002145421
00156        2458938.3333333      2.118336285     2.311790750     1.125337978    -0.006561447     0.005066412     0.000673679
00157        2458938.3333333      2.625467334     0.069525952    -0.530824831    -0.001219279     0.008815301     0.005192953
00158        2458938.3333333      2.685199503    -0.872509408    -0.329757067     0.002856846     0.009000252     0.003981501
00159        2458938.3333333     -2.592408012    -1.774486523    -0.405594072     0.004596587    -0.007797653    -0.003084016
00160        2458938.3333333     -2.246443300     1.323254631     0.705818947    -0.006406065    -0.007446562    -0.003758639
00161        2458938.3333333      0.954596253    -1.522796158    -1.009240543     0.011093009     0.005617675     0.002857760
00162        2458938.3333333      3.324751933    -0.990226349    -0.768714450     0.002621606     0.006974949     0.003588699
00163        2458938.3333333      2.359637731    -0.041641905    -0.085754024    -0.001835969     0.010439586     0.003632172
00164        2458938.3333333     -3.212409358    -0.345685610     1.430317060    -0.001146399    -0.006621055    -0.003145826
00165        2458938.3333333      1.234713336    -2.340897685    -1.089143930     0.009440138     0.003173994     0.003606055
00166        2458938.3333333     -2.764462324    -1.711544094    -0.012601105     0.004128407    -0.006903270    -0.002660524
00167        2458938.3333333     -1.081036380    -2.394167687    -0.922314523     0.009727512    -0.003484027    -0.001453851
00168        2458938.3333333      2.118899249     2.170221634     0.837446046    -0.007186345     0.006670707     0.002056684
00169        2458938.3333333     -2.151682583    -1.069513694    -0.612364572     0.006361282    -0.007490038    -0.004073791
00170        2458938.3333333     -2.238733464     1.020249869     0.046354163    -0.004506319    -0.008207983    -0.006078497
00171        2458938.3333333      2.767877552     1.723120942     0.599081172    -0.005897415     0.006353204     0.002973773
00172        2458938.3333333     -2.221952795     1.309342268     0.611679206    -0.005450110    -0.006783787    -0.004818334
00173        2458938.3333333     -2.472908195     1.592150352     0.647384511    -0.006576220    -0.006721411    -0.000469234
00174        2458938.3333333     -1.855651297     2.162179364     1.191101281    -0.006720853    -0.005000301    -0.004251586
00175        2458938.3333333     -2.424041679    -2.121122775    -0.999362937     0.007624928    -0.004350026    -0.002336935
00176        2458938.3333333      0.543161502     2.730890245     0.172764003    -0.010276010     0.003453901    -0.001275478
00177        2458938.3333333      2.066681136    -0.897599533    -0.402110016     0.003465453     0.010725735     0.004973556
00178        2458938.3333333      2.450131443     0.411114503     0.119141637    -0.001401191     0.009762072     0.004515043
00179        2458938.3333333      2.193451250    -1.514777825    -0.274943234     0.005707343     0.008500039     0.004058564
00180        2458938.3333333      2.972925507    -0.521204808    -0.195545864     0.000549287     0.008498210     0.003793720
00181        2458938.3333333      3.145613619    -0.405896163    -0.689164883    -0.000460366     0.009242137     0.001415614
00182        2458938.3333333      0.545779731     1.758556099     0.721101692    -0.012601561     0.003727475     0.002027870
00183        2458938.3333333     -1.270286397    -3.417138339     0.236507301     0.007061225    -0.001376707    -0.002065209
00184        2458938.3333333     -2.940698061     0.450232839     0.173962488    -0.001539883    -0.009249735    -0.004220629
00185        2458938.3333333     -0.274953118    -2.833711486    -0.068668076     0.009833735     0.000316448    -0.001728218
00186        2458938.3333333     -1.473421814    -1.538170069    -1.019669517     0.009674417    -0.004189034    -0.003764057
00187        2458938.3333333      3.134361460     1.035105776     0.424503999    -0.001936529     0.006695367     0.004554017
00188        2458938.3333333     -2.526973335    -0.959281004    -0.783560983     0.005651079    -0.008288141    -0.001574343
00189        2458938.3333333      2.048656385    -1.176053749    -0.320373061     0.005532013     0.009259214     0.003340651
00190        2458938.3333333      3.680971543     0.611647076     0.157432519    -0.002929441     0.008297826     0.002607725
00191        2458938.3333333     -0.899676958    -2.867962861    -0.578956105     0.009274972    -0.001971337    -0.001115701
00192        2458938.3333333     -1.577943682     1.728039028     0.932831251    -0.009586810    -0.003690185    -0.002506863
00193        2458938.3333333      2.091748660    -1.348651207    -0.855776984     0.003608661     0.008007507     0.005823674
00194        2458938.3333333      1.373693930    -1.418366741    -0.306642243     0.009407155     0.009724176    -0.000038731
00195        2458938.3333333     -2.439192938     1.104166270     0.688396932    -0.005134723    -0.007987204    -0.004590594
00196        2458938.3333333      1.314776629     2.652942590     1.097249595    -0.008633030     0.003239945     0.002718170
00197        2458938.3333333     -0.287136735    -2.262416518    -0.993796155     0.011263554     0.000930961    -0.001468658
00198        2458938.3333333     -1.791487844     2.034270781     0.550293329    -0.008270633    -0.003914511    -0.003149718
00199        2458938.3333333     -2.229443127    -1.654467502    -0.055998546     0.006949983    -0.006745281    -0.005083216
00200        2458938.3333333      2.383943724    -0.967933099    -0.345849302     0.003010486     0.009097137     0.005295083
00201        2458938.3333333      2.222984893     0.290333970     0.003107286    -0.000593625     0.011752571     0.003875241
00202        2458938.3333333      2.890160700     1.297786319     0.075581701    -0.004604971     0.007795731     0.002889699
00203        2458938.3333333      2.424228328     0.806834770     0.434844068    -0.004132346     0.009107498     0.004494268
00204        2458938.3333333      0.809323829     2.897277019     0.878350697    -0.008474567     0.002496028     0.000172377
00205        2458938.3333333     -2.563046035     1.213376544     0.049921957    -0.004479835    -0.008657531    -0.002663804
00206        2458938.3333333      2.730376255     0.032975104    -0.097833731    -0.000389871     0.009759099     0.003633449
00207        2458938.3333333      0.464139868    -1.957429024    -1.003855375     0.011364061     0.002046827     0.000620413
00208        2458938.3333333     -1.807519364    -2.064341177    -0.966024550     0.007813249    -0.005723116    -0.002710058
00209        2458938.3333333      0.791612408     2.779161633     1.642778987    -0.008918215     0.001824268     0.001094032
00210        2458938.3333333     -2.342433794     1.210063608     0.770960104    -0.006418021    -0.007299102    -0.003501909
00211        2458938.3333333     -2.041291080    -2.532888117    -1.225249302     0.006502841    -0.005253564    -0.001753860
00212        2458938.3333333      2.048078145    -2.230027384    -0.979793007     0.006631773     0.005979414     0.003367310
00213        2458938.3333333      1.304855970     2.615849237     0.802835464    -0.007937172     0.004348101     0.002418472
00214        2458938.3333333     -1.476237308    -1.956530471    -1.014980249     0.008545593    -0.005483746    -0.002581438
00215        2458938.3333333      2.676025944    -0.007535827    -0.039998809     0.000204463     0.009684493     0.004505942
00216        2458938.3333333     -3.308162641    -0.521126655    -0.566247203     0.000459799    -0.008063281    -0.001751792
00217        2458938.3333333     -3.213169597    -0.455233442     0.072530081     0.003610792    -0.007857787    -0.002073970
00218        2458938.3333333      2.815093840    -0.058832705    -0.130988874     0.001292279     0.009765353     0.001392094
00219        2458938.3333333     -2.385100580    -1.122129290    -0.429081717     0.005858868    -0.007716623    -0.001415727
00220        2458938.3333333     -1.758148667     2.144490072     0.612506623    -0.007810715    -0.003811100    -0.002623573
00221        2458938.3333333      0.782417064    -2.562054044    -0.774729481     0.009930932     0.003923055    -0.000169416
00222        2458938.3333333     -1.591002763     2.783072996     1.292211569    -0.007412035    -0.004408717    -0.001645656
00223        2458938.3333333      1.673153155    -2.732377417    -1.304484732     0.007535765     0.004011331     0.001641976
00224        2458938.3333333     -1.946344921    -1.462519131    -0.847043877     0.007401783    -0.006967459    -0.003791395
00225        2458938.3333333      1.891517876    -1.672600827     0.098705726     0.008544544     0.008485135     0.001406754
00226        2458938.3333333     -1.848239553    -1.586782097     0.037585221     0.008638070    -0.006978192    -0.003237538
00227        2458938.3333333     -2.697896428     1.023493997     0.336794060    -0.002035225    -0.008724936    -0.005467415
00228        2458938.3333333      1.472024388     1.051898854     0.546950470    -0.006145005     0.010826010     0.004870813
00229        2458938.3333333     -1.144454925    -2.851120721    -1.324514526     0.009298671    -0.001738433    -0.000995882
00230        2458938.3333333     -1.847451241     1.587095813     0.256292267    -0.007385394    -0.007107983    -0.003518508
00231        2458938.3333333     -2.731786292     0.983134566     0.487540054    -0.002273717    -0.008535080    -0.004666601
00232        2458938.3333333      2.768894377     1.127601507     0.224208636    -0.003371445     0.007905585     0.002754070
00233        2458938.3333333      0.424470767     2.477930172     0.831165326    -0.010197496     0.002882400    -0.000041561
00234        2458938.3333333      1.811144965     0.146814408    -0.259248309     0.000466163     0.013840138     0.002571107
00235        2458938.3333333      2.817554951     0.624417002    -0.138792606    -0.001090609     0.008866685     0.004722185
00236        2458938.3333333     -2.922904752    -1.367990486    -0.428114657     0.004596085    -0.007145081    -0.001954424
00237        2458938.3333333     -0.696057478     2.568234461     1.297058323    -0.009225709    -0.002740233     0.000487091
00238        2458938.3333333     -1.469170938     2.420761814     0.451288614    -0.009212561    -0.004332987    -0.000982811
00239        2458938.3333333     -3.503682548     0.060836777     0.014645553    -0.001413378    -0.007823379    -0.002433072
00240        2458938.3333333      1.050376683     1.704876946     0.669946965    -0.011196313     0.005963158     0.002879404
00241        2458938.3333333     -3.120191098     1.217599026     0.200891480    -0.003353456    -0.007434005    -0.003580519
00242        2458938.3333333      2.814734268     0.730452589     0.431203989    -0.003819055     0.008954658     0.001764117
00243        2458938.3333333      2.586881293     0.933807724     0.455814675    -0.004222748     0.008711994     0.003888459
00244        2458938.3333333     -1.372208515     1.677203399     0.606797801    -0.009757495    -0.005170195    -0.002230677
00245        2458938.3333333      2.080593594     1.289263519     0.444059408    -0.006459999     0.008783387     0.004843778
00246        2458938.3333333      2.624331201     1.048198053    -0.060994205    -0.002689890     0.009464742     0.001642141
00247        2458938.3333333      0.861860266     1.253889534     1.411261059    -0.011913263     0.003941741     0.004445972
00248        2458938.3333333     -1.791988113     1.726768636     0.566029362    -0.007072415    -0.007132114    -0.003354843
00249        2458938.3333333     -1.906365780    -1.651970544    -1.199555696     0.007580313    -0.004896895    -0.002437236
00250        2458938.3333333      2.858886596     0.921082400     0.334859085    -0.004353842     0.007199527     0.005557914
00251        2458938.3333333     -0.356011207    -3.291095197    -0.782236024     0.008792953    -0.000728958    -0.000851557
00252        2458938.3333333      2.939252832     0.121775514     0.228456098    -0.000577392     0.010020830     0.002481395
00253        2458938.3333333     -1.359214883     2.643114902     0.794351204    -0.008713284    -0.002092223    -0.000619214
00254        2458938.3333333      0.832978991    -1.562977195    -0.845636868     0.011994978     0.004432771     0.001791844
00255        2458938.3333333      2.955116805     0.005266908    -0.132378071     0.000076971     0.008089593     0.005178603
00256        2458938.3333333     -0.990887005     2.887276622     0.504142328    -0.008924379    -0.003533683    -0.000737867
00257        2458938.3333333      2.384552493    -1.848031093    -1.012757031     0.005488973     0.007076940     0.003301513
00258        2458938.3333333     -1.886029811     2.162160364     0.186923345    -0.008200232    -0.004695535    -0.001847255
00259        2458938.3333333      0.512603709    -2.437139288    -1.194231534     0.010654020     0.002210172    -0.001239291
00260        2458938.3333333      1.266210856    -2.788626480    -0.904026168     0.008813150     0.004551673     0.001146076
00261        2458938.3333333     -1.762165203    -1.249413879    -0.409986058     0.006425497    -0.009081734    -0.004299165
00262        2458938.3333333      0.474189772    -2.514713133    -1.465990767     0.008744275     0.002800167     0.000746426
00263        2458938.3333333     -1.217511280     2.433496856     0.983786314    -0.009465995    -0.003211059    -0.001460945
00264        2458938.3333333     -2.795143520    -1.461276237    -0.401736901     0.004041043    -0.006610123    -0.004504204
00265        2458938.3333333      2.165796127    -0.980712747    -0.474080172     0.007019138     0.004802079     0.007035289
00266        2458938.3333333      2.354149698    -0.555740820     0.320658684     0.001164746     0.011143033     0.003393954
00267        2458938.3333333     -2.545690005     1.088315729     0.794116911    -0.003721335    -0.008499184    -0.003571152
00268        2458938.3333333      3.407951082     0.829729215     0.203763102    -0.002148650     0.007611068     0.003188884
00269        2458938.3333333     -0.030607139     3.007295844     1.001938477    -0.008572581     0.000043608     0.000355570
00270        2458938.3333333     -1.692075520    -1.383853738    -0.654814797     0.008607319    -0.006685748    -0.002438609
00271        2458938.3333333     -3.244700562     0.131986692    -0.027268607    -0.000892682    -0.008127918    -0.004105998
00272        2458938.3333333      2.487904411    -1.146255149    -0.714145107     0.004624608     0.008123749     0.003889949
00273        2458938.3333333      1.371459858     2.262010555    -0.005860048    -0.007768906     0.006144028     0.001443820
00274        2458938.3333333     -1.987090432     1.937700627     0.971741136    -0.006654569    -0.007262018    -0.002656487
00275        2458938.3333333      2.713655050     1.477413704     0.368500710    -0.005273594     0.006884545     0.002858424
00276        2458938.3333333     -2.726853230    -1.351348767    -0.642446853     0.003728337    -0.009022559    -0.000016935
00277        2458938.3333333     -3.137278532    -0.230455844    -0.150286706     0.000738524    -0.008497580    -0.003543933
00278        2458938.3333333     -2.357984518     0.388025234     0.519272671    -0.001968174    -0.010283239    -0.005000948
00279        2458938.3333333      3.415701762    -2.471010509    -1.253723263     0.004886960     0.005948445     0.002461260
00280        2458938.3333333      1.968110366     1.653909377     0.933921157    -0.008097880     0.005994739     0.003778485
00281        2458938.3333333     -0.797897719    -2.061332373    -1.051035000     0.009927790    -0.002237566    -0.001730088
00282        2458938.3333333      2.294013122    -0.023572874    -0.223287234    -0.000488554     0.010945950     0.003190390
00283        2458938.3333333      2.488813824     0.556425796     0.621914032    -0.002934725     0.009825013     0.004819802
00284        2458938.3333333      0.859387333    -1.566733155    -0.425683371     0.012431009     0.005555899     0.003366680
00285        2458938.3333333      2.451713789    -0.379093317     0.433822470     0.001319837     0.009387964     0.007014967
00286        2458938.3333333      0.599740480    -3.078201128    -0.527624431     0.009325678     0.002287004    -0.001191444
00287        2458938.3333333      1.903635222     1.434083071     0.185240843    -0.006424420     0.008439418     0.003049079
00288        2458938.3333333      2.580376856    -1.346053103    -0.705315188     0.006239671     0.006823839     0.002215964
00289        2458938.3333333      1.957711765     1.190720626     0.366759836    -0.006006341     0.010321669     0.003084425
00290        2458938.3333333      1.247842634    -1.806011050    -1.955271213     0.007802269     0.002971798     0.002253327
00291        2458938.3333333      0.859302264    -2.087833404    -0.839380876     0.010051627     0.003194164     0.001159164
00292        2458938.3333333      1.940977759    -0.996954762    -1.103859365     0.006487071     0.008114945     0.004135274
00293        2458938.3333333     -2.487252132    -0.024047157     0.689512772    -0.001861009    -0.009700516    -0.005317269
00294        2458938.3333333      0.734719636     3.073434297     0.995676858    -0.008252838     0.003619263     0.001909158
00295        2458938.3333333     -1.091834662    -2.800095344    -1.286674374     0.008229255    -0.002636777    -0.000735888
00296        2458938.3333333      1.227959279    -1.498029340    -0.655805278     0.008876387     0.008236606     0.003165957
00297        2458938.3333333      1.906181046    -1.744505067    -0.874904232     0.007734460     0.006649648     0.004410816
00298        2458938.3333333      2.349981366     0.426624253     0.200940011    -0.002915863     0.008994178     0.005174446
00299        2458938.3333333      1.020327001     1.893672228     0.818307274    -0.010276457     0.005144291     0.001874590
00300        2458938.3333333     -3.331255202    -0.571395626    -0.222582160     0.001669685    -0.008144488    -0.003638162
00301        2458938.3333333      2.092838014    -1.438370705    -0.627193878     0.006941382     0.007967851     0.002445894
00302        2458938.3333333     -0.256907162    -2.353780461    -1.187655716     0.010010567    -0.000416085    -0.000301113
00303        2458938.3333333      0.497407970    -2.779331256    -1.587878352     0.009194114     0.001469634     0.001205113
00304        2458938.3333333      1.291696667     1.797113174     0.143325265    -0.008008696     0.008669112     0.002105777
00305        2458938.3333333      2.966734872     0.558827654     0.310508355    -0.003925629     0.008675289     0.002921113
00306        2458938.3333333      1.208210981     2.036106187     0.550433045    -0.008487072     0.006224578     0.002686024
00307        2458938.3333333     -2.663688322     0.852256904     0.652266163    -0.004980015    -0.008435151    -0.002887538
00308        2458938.3333333      1.196920985    -2.224184463    -0.766633708     0.009632938     0.004608172     0.001616055
00309        2458938.3333333      0.053728425     2.569763549     1.317873021    -0.009644842     0.000842542     0.000389356
00310        2458938.3333333      0.067187627    -2.477404168    -0.966296666     0.010697796    -0.000989018     0.000094880
00311        2458938.3333333      1.453037565    -2.267160638    -1.095248089     0.008724156     0.004783553     0.001592960
00312        2458938.3333333     -1.771030420    -1.430709660    -0.872628436     0.008846740    -0.006351877    -0.004212778
00313        2458938.3333333      2.412526369     0.661596077     0.108628584    -0.004555765     0.009325049     0.002005498
00314        2458938.3333333      2.569503089    -0.510072323    -0.198982752     0.001966401     0.011101848     0.002104257
00315        2458938.3333333     -0.806617553     2.173042669     0.851554009    -0.010172906    -0.001950451    -0.000608291
00316        2458938.3333333     -0.299935045    -3.333770325    -1.345115764     0.008413127    -0.000419434    -0.000478915
00317        2458938.3333333      1.477791909     1.526452794     0.589778339    -0.008111905     0.007892847     0.003300418
00318        2458938.3333333     -2.032227918     2.073604304     0.613888361    -0.007823409    -0.006662710    -0.001105132
00319        2458938.3333333     -2.891188253    -2.866292734    -0.704038323     0.005169733    -0.005318874    -0.001135892
00320        2458938.3333333     -2.803810131    -1.614927219    -0.776819853     0.005088660    -0.007162803    -0.001526251
00321        2458938.3333333     -0.970478751     2.333309460     1.140020021    -0.009951825    -0.003228941    -0.001213017
00322        2458938.3333333     -1.113719311    -2.514008053    -1.124988783     0.009444694    -0.001790112     0.000676071
00323        2458938.3333333      1.384434212     0.873660391    -0.337305943    -0.006063949     0.011863153     0.007236545
00324        2458938.3333333     -3.545901845    -0.069183722    -0.479641881     0.000163727    -0.006235187    -0.004009653
00325        2458938.3333333      0.403102004    -3.010277377    -1.838312704     0.008418495     0.001509039     0.001325684
00326        2458938.3333333      1.624774652    -0.583126420    -1.054346654     0.008536948     0.008082402     0.005165018
00327        2458938.3333333      0.310635730     2.486030383     1.471404749    -0.009748641     0.001297439     0.000637335
00328        2458938.3333333      1.577618741    -2.384019798    -1.878589645     0.007664532     0.003192700     0.003007303
00329        2458938.3333333     -1.678952279     1.817040444     0.253757064    -0.007851447    -0.007482539    -0.000935879
00330        2458938.3333333     -1.629889376    -2.455797527    -0.682586633     0.007796573    -0.003418567    -0.001802580
00331        2458938.3333333      2.371519876    -1.183438231    -0.763511832     0.005139685     0.008405304     0.004437214
00332        2458938.3333333      0.069205387     2.589234396     1.253242065    -0.009893340     0.000817203     0.000681882
00333        2458938.3333333      2.319633329     1.113460725     0.591299256    -0.005133964     0.009060983     0.004602387
00334        2458938.3333333     -3.680378885    -1.192229383    -0.200895252     0.002872759    -0.007687189    -0.003055017
00335        2458938.3333333     -0.654555138    -1.904028633    -0.626674211     0.012358627    -0.002493859    -0.001472450
00336        2458938.3333333     -0.380540317    -1.867903385    -0.719822899     0.012372028    -0.002438351     0.000170840
00337        2458938.3333333     -0.237320759    -2.301242828    -1.400337020     0.009671187    -0.000994311    -0.000480675
00338        2458938.3333333     -1.260294296    -2.373566256    -1.260634263     0.008940255    -0.004118254    -0.000943690
00339        2458938.3333333     -2.685507975     1.848173006     0.499242801    -0.005411800    -0.007030441    -0.001583611
00340        2458938.3333333      2.509562317     0.468096690     0.140154524    -0.003100638     0.009412064     0.005050118
00341        2458938.3333333      1.475977130     1.292882962     0.618503071    -0.006826579     0.008918522     0.005194047
00342        2458938.3333333      2.316518743     0.678990347     0.483876622    -0.004880018     0.009670520     0.002795363
00343        2458938.3333333      0.892221402     1.488355876     0.690306694    -0.011950339     0.006246994     0.003516991
00344        2458938.3333333     -2.518556813     0.867790436     1.377881284    -0.002182683    -0.007474164    -0.004769985
00345        2458938.3333333      2.158057694     0.573089293     0.360572260    -0.003910245     0.010619067     0.002515549
00346        2458938.3333333     -2.368665959     1.393061442     0.991696865    -0.006268707    -0.007292631    -0.002067750
00347        2458938.3333333     -1.063235577     1.768227572     1.041367965    -0.009591725    -0.007051297    -0.001023567
00348        2458938.3333333      2.811527111     0.880713250    -0.145004537    -0.003185269     0.008508233     0.004288548
00349        2458938.3333333     -2.262592095    -1.981023100    -0.961282549     0.006724390    -0.005240804    -0.003677271
00350        2458938.3333333     -2.109403563     1.217855116     1.593352134    -0.006715945    -0.007943300    -0.000041046
00351        2458938.3333333      2.716889168    -1.281086141    -0.984976885     0.003884208     0.007693747     0.002431519
00352        2458938.3333333     -2.308089173     0.611949306     0.112975342    -0.003917837    -0.009056790    -0.003913915
00353        2458938.3333333     -2.811947249    -0.032934982     0.282917561    -0.003519869    -0.008849254    -0.003240844
00354        2458938.3333333     -2.339667184    -1.077098742     0.315213947     0.003339800    -0.010280699    -0.002336893
00355        2458938.3333333      0.248912619    -2.477384242    -1.296358073     0.009677605     0.000664965     0.000466069
00356        2458938.3333333      2.362707029     0.209267520     0.166649163    -0.003659993     0.009665400     0.005889109
00357        2458938.3333333      1.604177934     2.434172026     0.234468463    -0.008357521     0.005582434     0.002726257
00358        2458938.3333333     -2.915977119     0.357708410     0.155888956    -0.002782791    -0.008953616    -0.003219330
00359        2458938.3333333     -2.053648238    -1.764062411    -0.996070913     0.007856374    -0.005060073    -0.003054995
00360        2458938.3333333      1.040440333    -2.986895358    -0.992698648     0.007910727     0.004198449    -0.000086204
00361        2458938.3333333     -2.490894328    -3.287741054    -2.120153804     0.005565713    -0.003573376    -0.003022816
00362        2458938.3333333      1.320187187     1.834219850     0.986336833    -0.009431004     0.004850716     0.003577205
00363        2458938.3333333     -1.830476956     1.897014280     1.116213549    -0.007949779    -0.005667948    -0.001930197
00364        2458938.3333333      0.674523258    -2.124775952    -0.924591619     0.009671924     0.004250091     0.000646646
00365        2458938.3333333     -2.958757636    -1.213976532    -0.289568212     0.002961891    -0.008224815    -0.001493338
00366        2458938.3333333     -1.720114720     2.393463705     1.511187098    -0.007939806    -0.003665600    -0.002851817
00367        2458938.3333333      2.372035244    -0.152230609    -0.199373895     0.000338995     0.009805241     0.004300677
00368        2458938.3333333     -2.021606039     2.945642848     0.749719908    -0.007027546    -0.003591477    -0.001898196
00369        2458938.3333333      0.727603629     2.302983128     0.776737855    -0.009969100     0.002969845     0.003658643
00370        2458938.3333333     -2.028036219    -1.160393371    -0.864055934     0.006423530    -0.007776916    -0.002914070
00371        2458938.3333333      2.639734442    -0.549212131     0.110465112     0.002390773     0.009143043     0.004628896
00372        2458938.3333333     -1.444934678    -2.381289501    -2.733421219     0.006536918    -0.003601581    -0.001432805
00373        2458938.3333333      2.691999785     0.025313332    -0.037929213     0.000200401     0.008713507     0.006998798
00374        2458938.3333333     -0.422714511     2.819236948     0.787740996    -0.009455424    -0.001505476    -0.001418525
00375        2458938.3333333      1.969096244    -1.691381740    -1.049843661     0.007543775     0.005533913     0.005401001
00376        2458938.3333333     -2.155764869     0.666111769     0.135773214    -0.001401482    -0.010190344    -0.005167543
00377        2458938.3333333     -0.801775599    -2.611513401    -0.880469919     0.009502105    -0.002430041    -0.000191044
00378        2458938.3333333     -3.038878201     0.296768384    -0.209449656    -0.001386424    -0.008655770    -0.003149275
00379        2458938.3333333      2.568909219    -0.177543676    -0.082342716     0.000984180     0.010771133     0.004300695
00380        2458938.3333333      1.964743661     1.519454638     0.412328421    -0.006012775     0.008390632     0.004245486
00381        2458938.3333333     -1.770519826     2.753948607     1.130510674    -0.007234327    -0.005173121    -0.000135652
00382        2458938.3333333     -0.180938184     3.003898588     1.614344974    -0.008650993    -0.001144450    -0.001545738
00383        2458938.3333333      2.819136673    -0.320676015    -0.280598284     0.000013097     0.009773979     0.004210745
00384        2458938.3333333     -2.354744316    -1.546729917    -0.603222592     0.004540055    -0.007451603    -0.004198957
00385        2458938.3333333     -0.101224516    -2.271625111    -1.691080675     0.010104685    -0.001665607    -0.000468489
00386        2458938.3333333      2.440304809    -0.408511352    -0.222417055     0.000925642     0.011609421     0.000681571
00387        2458938.3333333     -0.763730325     3.179220604     0.872306526    -0.007749888    -0.002122574     0.001544718
00388        2458938.3333333     -2.179107938    -1.819115158    -1.072271599     0.007279635    -0.005762084    -0.003212904
00389        2458938.3333333     -1.345031966     2.005712389     0.735746945    -0.008822950    -0.005315743    -0.003857785
00390        2458938.3333333     -1.550612693    -1.699211237    -1.316388644     0.007487128    -0.006989033    -0.002601436
00391        2458938.3333333     -2.933790362    -0.243916723    -0.658905417     0.001235888    -0.008186946    -0.000249431
00392        2458938.3333333     -1.416247441    -2.740710996    -0.709097501     0.008511632    -0.003425277     0.000410984
00393        2458938.3333333      0.879798203     2.966088168     0.690588480    -0.007368200     0.005094885    -0.000070649
00394        2458938.3333333     -2.687926294     1.679621322     1.114326806    -0.005385462    -0.005910085    -0.002268678
00395        2458938.3333333      1.755986039     2.163756290     1.019920057    -0.007440555     0.005820956     0.001983806
00396        2458938.3333333      0.753983592    -2.034565295    -0.811225280     0.011630446     0.003022179     0.001782607
00397        2458938.3333333     -3.125431923     0.744661453    -0.345529029    -0.002449166    -0.007671754    -0.002442325
00398        2458938.3333333      1.701195720    -2.459665692    -0.839982772     0.006434650     0.005274328     0.003647045
00399        2458938.3333333      2.741482989    -1.478026382    -0.897084945     0.005242024     0.005980753     0.004727041
00400        2458938.3333333      3.261368511     0.833594645     0.912474767    -0.002851723     0.007060980     0.004126841
00401        2458938.3333333      3.239799388     0.102651097    -0.170208651     0.000096298     0.008532822     0.004581409
00402        2458938.3333333      2.729549304     0.339182497    -0.359353464    -0.001521906     0.009322911     0.002905150
00403        2458938.3333333      2.187759622     1.563035377     0.888334443    -0.007035989     0.007212556     0.001464922
00404        2458938.3333333     -1.771739698    -1.089089063     0.024836080     0.006206754    -0.009888530    -0.005844105
00405        2458938.3333333      1.879604476    -1.883134321    -0.289251295     0.008594696     0.004502270     0.003541595
00406        2458938.3333333      2.312324285    -0.620169903    -0.175716001     0.002919987     0.010396512     0.005335443
00407        2458938.3333333     -1.693680403     1.943264155     0.745336839    -0.008376315    -0.004965698    -0.003607734
00408        2458938.3333333      0.621053790     2.337640406     1.322135657    -0.010429183     0.003527564     0.000174339
00409        2458938.3333333      0.009544978     2.588852015     0.849068141    -0.009956771     0.000155879    -0.001786482
00410        2458938.3333333      2.475074110     0.027798933    -0.502470782     0.003235963     0.010160782     0.003454094
00411        2458938.3333333      2.680671788     0.940524879    -0.420083672    -0.001504230     0.009473656     0.003630754
00412        2458938.3333333     -1.414070176     2.070121123     1.083572554    -0.008403295    -0.006243408    -0.000117641
00413        2458938.3333333      0.589048133     1.966892026     0.466947636    -0.010158998     0.005765808     0.005491666
00414        2458938.3333333     -0.250616349     3.052567512     1.156269829    -0.009688874    -0.000973777     0.001267507
00415        2458938.3333333      1.784979585    -2.167082045    -0.945376288     0.005595131     0.007678764     0.001892480
00416        2458938.3333333      0.428300043     2.947042295     1.628117980    -0.008084958    -0.000108451     0.001738684
00417        2458938.3333333      3.094800790     0.640372582     0.323157897    -0.002108322     0.008358427     0.002497084
00418        2458938.3333333     -2.670702735    -0.910866680    -0.667620649     0.003684439    -0.008297619    -0.002740027
00419        2458938.3333333     -2.293889222     1.729752893     0.532149545    -0.004048701    -0.007863734    -0.003222279
00420        2458938.3333333     -3.305161350    -0.462711064    -0.538345363     0.001459457    -0.008758886    -0.003087514
00421        2458938.3333333     -2.860811854    -1.463708593    -0.463700974     0.003423174    -0.007093201    -0.001934100
00422        2458938.3333333      0.564470198     1.809429799     0.968438867    -0.010692303     0.004822764     0.002771022
00423        2458938.3333333      2.513962157     1.818832409     0.418809088    -0.005232541     0.006664117     0.004555317
00424        2458938.3333333      2.481518479    -0.996068330    -0.786985188     0.003433407     0.009146552     0.003189689
00425        2458938.3333333     -2.444392619     1.032505019     0.657731463    -0.004471538    -0.008871531    -0.003906204
00426        2458938.3333333      2.801595255    -1.473316987    -0.190485615     0.003940833     0.005991060     0.005720478
00427        2458938.3333333      1.068318477    -2.192608028    -0.965540386     0.010087397     0.004032321     0.002841674
00428        2458938.3333333      1.897785263     0.296955486     0.096124021    -0.002951389     0.011344183     0.006487753
00429        2458938.3333333      0.405343406     2.245936313     0.693237096    -0.011147324     0.003206563    -0.000316457
00430        2458938.3333333     -1.024608175    -3.156821533    -1.300637376     0.007378688    -0.002565836     0.001040587
00431        2458938.3333333     -0.484236702     3.074076631     1.294754516    -0.009015972    -0.000010597     0.000272774
00432        2458938.3333333      0.027857875    -1.851408678    -0.819542356     0.012649484     0.001048465    -0.002506110
00433        2458938.3333333      1.576954412    -0.577808349    -0.043177250     0.001821893     0.010362624     0.006214230
00434        2458938.3333333      0.465401718    -1.743214075    -0.044980951     0.012739786     0.003648515    -0.000335450
00435        2458938.3333333     -1.660891172    -1.854446700    -0.846168268     0.008727453    -0.004752320    -0.002347347
00436        2458938.3333333     -0.100093303     2.298379125     2.044569134    -0.009979175     0.000500366    -0.000194999
00437        2458938.3333333      1.229926808    -1.264518494    -0.355026865     0.009892787     0.008994994     0.005109183
00438        2458938.3333333      1.652953828    -1.500141049    -0.989799908     0.008597571     0.006741310     0.002675431
00439        2458938.3333333      3.047407298    -0.712848873     0.300467573     0.001460632     0.009506839     0.001100300
00440        2458938.3333333      2.244661730     0.153277850     0.131888687    -0.002167008     0.010191989     0.004484816
00441        2458938.3333333      2.794908473    -0.397435572     0.258121137     0.000181944     0.009470207     0.003683068
00442        2458938.3333333      1.557615731     1.891144224     0.532770404    -0.008277045     0.005843152     0.002686971
00443        2458938.3333333      1.462625735     1.618065427     0.554896506    -0.008916362     0.006651865     0.002374503
00444        2458938.3333333     -0.039869012    -2.539972585    -0.613788493     0.010802834     0.001482198     0.000892898
00445        2458938.3333333     -0.359451853     2.593337923     1.454004504    -0.009635131     0.002337308    -0.002608073
00446        2458938.3333333      2.098390767    -0.903318781    -0.856175559     0.005969461     0.008933965     0.004576483
00447        2458938.3333333     -2.702573051     1.168643819     0.780813521    -0.004773924    -0.007867198    -0.003238735
00448        2458938.3333333     -2.631373300    -1.797208032    -0.769828507     0.006659125    -0.004829356    -0.004288672
00449        2458938.3333333     -1.005852275    -2.283211662    -0.941280840     0.008736551    -0.004779962    -0.002606871
00450        2458938.3333333      2.351487377     1.221120847     0.678008432    -0.005279982     0.007822192     0.005406651
00451        2458938.3333333     -1.874789610    -2.629128723    -0.593629676     0.007020716    -0.004302434    -0.003971491
00452        2458938.3333333      0.264621888     2.596640328     1.102067319    -0.010196213     0.000526196     0.000851509
00453        2458938.3333333     -0.933952776    -1.505413409    -0.809223155     0.011285400    -0.005494313    -0.003282824
00454        2458938.3333333     -0.122619796    -2.149704433    -1.171813749     0.011226462    -0.001043014    -0.001323083
00455        2458938.3333333     -3.154692945     0.742808328     1.094641557    -0.003048769    -0.006734457    -0.002635670
00456        2458938.3333333     -2.043549361     1.841311207     0.050761721    -0.005216677    -0.008484369    -0.003130857
00457        2458938.3333333      2.533681803    -0.326183221     0.464407331     0.000038902     0.010885277     0.003717325
00458        2458938.3333333      1.552541109     1.649157749     0.172780119    -0.009234061     0.007971129     0.003588032
00459        2458938.3333333     -0.718265164     1.778327171     1.204930120    -0.011977543    -0.002211139    -0.000151556
00460        2458938.3333333     -1.031906155    -2.475165986    -0.901712682     0.009630894    -0.002682949    -0.000585273
00461        2458938.3333333      1.782832809    -2.835677232    -1.170633487     0.007136756     0.004287499     0.001661874
00462        2458938.3333333     -2.833657305    -1.193318276    -0.331523578     0.004100719    -0.007719954    -0.003452063
00463        2458938.3333333     -0.411607747     1.857082007     1.341312810    -0.011321777    -0.000526347     0.001569341
00464        2458938.3333333     -2.269119925    -2.162236589    -0.414108921     0.007057619    -0.004673284    -0.003142157
00465        2458938.3333333     -0.293990737     3.070238781     1.461873690    -0.008486649    -0.001834909    -0.001546719
00466        2458938.3333333     -1.314043194    -2.261735557    -1.820891121     0.008129555    -0.005594768    -0.000259681
00467        2458938.3333333      1.844168974    -2.149242778    -1.023591086     0.007053876     0.005732718     0.003672243
00468        2458938.3333333     -1.670460698    -2.587081703    -1.138435510     0.008729561    -0.002822444    -0.001274142
00469        2458938.3333333     -2.138267170    -1.308309276    -1.109410274     0.006154401    -0.007950288    -0.004661584
00470        2458938.3333333     -2.183321213     0.567900732     0.199415271    -0.002275171    -0.011084329    -0.003198187
00471        2458938.3333333      2.111080254    -0.929872016    -1.056956093     0.003660457     0.010187315     0.003693798
00472        2458938.3333333      1.783136425     1.490098004    -0.044126192    -0.007442558     0.008302129     0.003738783
00473        2458938.3333333      1.437038102    -2.190882125    -1.344145974     0.008278933     0.003223656     0.003312148
00474        2458938.3333333     -2.584616054     1.332328631     0.486922578    -0.003802346    -0.007869031    -0.001931539
00475        2458938.3333333     -2.262670978     1.641946342     1.886823918    -0.006739932    -0.003737579    -0.001428541
00476        2458938.3333333     -2.242460620     1.637172247     0.354275520    -0.005319399    -0.007072869    -0.004633862
00477        2458938.3333333     -2.807256810     0.059989422     0.087278685     0.000573495    -0.008220007    -0.004499687
00478        2458938.3333333     -1.173943905    -2.782328399    -1.004439067     0.008311341    -0.004320683     0.000412186
00479        2458938.3333333     -3.053136128    -0.939884546     0.046474902     0.001266822    -0.008224269    -0.002680478
00480        2458938.3333333     -1.379931333     2.136016182    -0.016796222    -0.008752752    -0.005346895    -0.003952407
00481        2458938.3333333     -2.185379778     1.169987998     0.996760491    -0.007180540    -0.007442384    -0.002565265
00482        2458938.3333333      0.167030251     3.247406226     0.512190317    -0.008997365     0.000443977     0.000094433
00483        2458938.3333333      2.645470276     2.024580687     0.079173901    -0.005460251     0.007788188     0.000838043
00484        2458938.3333333     -1.281661905    -2.258621187    -0.405357302     0.009426808    -0.004129626    -0.002882624
00485        2458938.3333333     -2.430369002     0.363577826    -0.073846996    -0.003441278    -0.010809677    -0.002088729
00486        2458938.3333333     -0.380552494     2.244151876     1.015312731    -0.009884900    -0.003697107     0.000553572
00487        2458938.3333333      0.970370914    -2.334127876    -0.976656224     0.009188713     0.004817065     0.000076062
00488        2458938.3333333     -1.277057593    -2.646787643    -0.927856062     0.008070372    -0.004367810    -0.003800808
00489        2458938.3333333      3.067505438    -1.134289748    -0.377725396     0.003463796     0.008471944     0.001430955
00490        2458938.3333333     -0.176077735    -3.122618691    -0.787605414     0.009498569     0.000350924     0.000039785
00491        2458938.3333333     -2.728700372    -2.127661950    -0.101469305     0.005313851    -0.007031375    -0.000707580
00492        2458938.3333333     -2.743243949     2.104949546     1.023411156    -0.005905486    -0.005370029    -0.002321631
00493        2458938.3333333     -2.252932241     1.625472442     1.262492144    -0.007890681    -0.004678816    -0.003857414
00494        2458938.3333333      1.417567844    -2.101820503    -1.289537520     0.009238037     0.004552069     0.001718998
00495        2458938.3333333      2.162598434     0.323670747     0.135674898    -0.002555017     0.011217879     0.004333340
00496        2458938.3333333      1.330411571     1.501386519     0.592183086    -0.009861507     0.006812926     0.002168517
00497        2458938.3333333     -3.655627402     0.195132061     0.143070031    -0.001246067    -0.006609273    -0.003535466
00498        2458938.3333333     -1.531887883     2.336588070     1.229870667    -0.008352887    -0.003539671     0.000050192
00499        2458938.3333333      3.519200519     0.151582837     0.199786041    -0.002339647     0.008691112     0.003588526
00500        2458938.3333333      2.209243925    -0.222607562     0.288280265     0.000197260     0.010955765     0.005566589
00501        2458938.3333333      0.327994033     2.206691821     2.157606993    -0.009557835     0.001835361     0.001560148
00502        2458938.3333333      1.655232266     1.778198862    -0.361743321    -0.008423347     0.005877101     0.003352533
00503        2458938.3333333     -2.128949565     0.802896618     0.571036230    -0.006104720    -0.009529011    -0.003941867
00504        2458938.3333333      1.518943221     1.717233825     0.272371428    -0.007430943     0.008324698     0.004809147
00505        2458938.3333333     -1.867854576    -2.626446770    -0.777845547     0.006329142    -0.004337133    -0.003061859
00506        2458938.3333333     -2.851734745     0.202935801    -0.621916243    -0.000771988    -0.008246655    -0.006026021
00507        2458938.3333333     -1.034593238     2.617509778     1.169591169    -0.009581770    -0.001580075    -0.002464486
00508        2458938.3333333     -2.296350964     1.600776976     1.489325640    -0.006415320    -0.006544807    -0.003016110
00509        2458938.3333333     -2.989003155     1.347125815    -0.235051441    -0.004009421    -0.007901906    -0.002221896
00510        2458938.3333333     -2.418398969     1.771021184     0.302272758    -0.004539271    -0.007570517    -0.002276880
00511        2458938.3333333     -1.793881040     1.715279020     1.087163820    -0.008696795    -0.007019015     0.000138142
00512        2458938.3333333      0.564692586    -1.639662016    -0.713606910     0.011516512     0.006869286     0.000806053
00513        2458938.3333333     -0.308144656     2.731470511     0.663557560    -0.010526827    -0.000501237    -0.000264267
00514        2458938.3333333      2.006596575    -2.093729559    -0.755221652     0.007178826     0.006209439     0.003209866
00515        2458938.3333333      1.936916128     1.618741875     0.602905717    -0.008101652     0.007503608     0.003357679
00516        2458938.3333333     -2.119178728     0.427004846    -0.006726330     0.000433996    -0.010547754    -0.007207880
00517        2458938.3333333      2.155905552    -2.210890584    -0.835977328     0.005772938     0.006833750     0.003348178
00518        2458938.3333333      1.066570976    -1.598827253    -0.444433351     0.010916669     0.007468524     0.002867986
00519        2458938.3333333      2.119385181     0.997836369     0.270559241    -0.003935892     0.009431960     0.006362390
00520        2458938.3333333     -3.116969938     0.015106786     0.407806587    -0.001631286    -0.007961241    -0.004869336
00521        2458938.3333333     -0.427520116    -2.995215508    -1.215460234     0.008410740     0.001247568    -0.001173158
00522        2458938.3333333      2.575367044     2.066301091     0.621037212    -0.005857038     0.007063251     0.003211269
00523        2458938.3333333      2.875509724    -0.122858445     0.180499897    -0.001654270     0.009393342     0.003802612
00524        2458938.3333333     -2.762717899    -0.687931967    -0.654894859     0.002374154    -0.008032356    -0.004482453
00525        2458938.3333333      0.094902449     1.923590551     0.626725848    -0.012653207     0.000334998    -0.000443597
00526        2458938.3333333     -2.691248551    -1.064749129    -0.352570442     0.002846475    -0.009258764    -0.003786983
00527        2458938.3333333     -2.482753064     1.668805323     0.940973849    -0.005351727    -0.007015464    -0.001522744
00528        2458938.3333333      3.187614696     0.957947371    -0.043311568    -0.002311130     0.007637032     0.005190364
00529        2458938.3333333     -2.210482431    -2.318185848    -0.796560130     0.006607125    -0.004753917    -0.003859994
00530        2458938.3333333      0.246745827    -2.536110888    -0.854855371     0.010871501     0.003022985    -0.000346650
00531        2458938.3333333     -2.526589715     0.197465667    -0.473998728     0.000861948    -0.010901498     0.001931332
00532        2458938.3333333     -0.449155354    -2.438234293    -0.679504378     0.010084498    -0.002662949    -0.003840953
00533        2458938.3333333      2.317998291     1.986044847     0.604317437    -0.006410347     0.006752195     0.002045108
00534        2458938.3333333      0.126748578     2.499749782     1.063796674    -0.010687710     0.000356157     0.000816412
00535        2458938.3333333      0.311062289    -2.346450474    -1.087758259     0.010460990     0.001474972    -0.000697237
00536        2458938.3333333     -2.859339875     1.421863333     1.971354856    -0.005274810    -0.006319248    -0.002319883
00537        2458938.3333333     -2.337479412     2.686957806     1.265288279    -0.005977423    -0.004915751    -0.000694480
00538        2458938.3333333     -3.544228486     0.681291303     0.492655029    -0.002412985    -0.007583202    -0.002333857
00539        2458938.3333333     -3.185472452     0.675966308    -0.114155648    -0.002312776    -0.007431168    -0.003601667
00540        2458938.3333333      1.560786538    -1.675112059    -0.492638786     0.008633250     0.006251298     0.002396636
00541        2458938.3333333     -1.795400946     2.180291655     0.728834017    -0.007510413    -0.005558703    -0.003239704
00542        2458938.3333333     -1.876373418     2.300828238     0.700327652    -0.008233003    -0.004933311    -0.000301076
00543        2458938.3333333     -2.556220944    -1.987308298    -1.401450028     0.005667956    -0.005855269    -0.002130188
00544        2458938.3333333     -1.451748202    -1.499535999    -0.989752498     0.009901420    -0.006365353    -0.001861820
00545        2458938.3333333     -1.951110538     2.755611471     1.621018991    -0.006930870    -0.003129467    -0.002792036
00546        2458938.3333333     -1.074352715    -2.033884326    -1.418926337     0.008860588    -0.003533430    -0.003752618
00547        2458938.3333333      1.830679726     1.044918223     0.249431623    -0.006539526     0.011334423     0.000957258
00548        2458938.3333333     -1.777041640    -1.880275410    -0.644601182     0.006609904    -0.006280391    -0.003023202
00549        2458938.3333333     -2.577847060    -0.291791296    -0.318479136    -0.001146716    -0.009689673    -0.004576527
00550        2458938.3333333      0.202696554    -1.930770821    -0.802643590     0.012428895     0.001710405     0.003163814
00551        2458938.3333333      0.212814132    -3.017460932    -1.333098170     0.008863935     0.000886045     0.000384750
00552        2458938.3333333      1.087220233    -2.546600172    -0.922776243     0.009771416     0.002634403     0.002552485
00553        2458938.3333333      0.630270380    -2.084096505    -1.037690381     0.009973279     0.003583926     0.000687703
00554        2458938.3333333     -0.002583308    -2.439339534    -1.122061924     0.009750823     0.000517141     0.000734904
00555        2458938.3333333      0.710304963    -3.274823747    -1.331885200     0.008394462     0.001048250     0.000098193
00556        2458938.3333333      2.363468563     0.428869471     0.428876407    -0.003669285     0.009601017     0.004098320
00557        2458938.3333333     -2.154682020    -0.844762186    -0.478111338     0.003652717    -0.009864281    -0.004314750
00558        2458938.3333333     -2.186507107    -1.982664359    -0.396212179     0.006376093    -0.007008170    -0.002674651
00559        2458938.3333333     -0.514538412     2.602465554     1.025942099    -0.009581587    -0.002608473     0.000598835
00560        2458938.3333333     -1.444167170    -2.518193267    -0.753692775     0.007510658    -0.004899765    -0.003054784
00561        2458938.3333333      2.307800493    -2.483323106    -1.026916226     0.006333484     0.005406860     0.002118173
00562        2458938.3333333     -3.231059089    -0.003621333     0.669052578    -0.000458853    -0.008049951    -0.004036617
00563        2458938.3333333     -1.240363710     1.661901759     0.995698348    -0.011052728    -0.005100855    -0.000120456
00564        2458938.3333333      2.085382688    -0.138824650    -0.809540249     0.005171694     0.010583086     0.004186647
00565        2458938.3333333     -0.029944617    -2.430396307    -0.688678568     0.010440531    -0.001794571     0.000991477
00566        2458938.3333333      1.718859398     2.336382253     0.897491592    -0.008098653     0.005571589     0.003267472
00567        2458938.3333333     -1.517836258     2.192270906     1.420376232    -0.008153238    -0.005648329    -0.001767110
00568        2458938.3333333     -2.468933414     1.317891805    -0.399837501    -0.005446873    -0.007749263    -0.004116576
00569        2458938.3333333     -2.627998192    -0.047500754    -0.076501410    -0.001629886    -0.009604535    -0.004334159
00570        2458938.3333333      2.974330286    -0.804807134    -0.257200380     0.002088995     0.009268576     0.003815994
00571        2458938.3333333     -2.214579622    -1.752311517    -0.944995610     0.006217321    -0.005339713    -0.002954271
00572        2458938.3333333      0.268737486    -2.397923714    -0.549575608     0.010384830     0.002620985     0.001105620
00573        2458938.3333333      1.768763903    -1.913599978    -1.127385520     0.007547988     0.005920679     0.004277108
00574        2458938.3333333      1.346887693    -1.651993951    -0.842683414     0.007267605     0.007410761     0.004376031
00575        2458938.3333333      2.217273828     0.525285133     0.545344917    -0.002654108     0.009025295     0.006946429
00576        2458938.3333333      0.928314401     2.460468765     1.501809622    -0.008477574     0.004828739     0.001120168
00577        2458938.3333333      0.449009134    -2.315255371    -1.204433226     0.011060217     0.001884708     0.001605285
00578        2458938.3333333      0.827114843     2.674195097     1.420542264    -0.008278728     0.002858724     0.002069123
00579        2458938.3333333      2.770163941     0.774214116    -0.230654266    -0.001475330     0.009158423     0.004558650
00580        2458938.3333333      2.965373603    -1.162727719    -0.694430890     0.003135805     0.008316680     0.003292195
00581        2458938.3333333      2.798422258     1.498605493    -0.652782063    -0.003585563     0.007803504     0.004087156
00582        2458938.3333333     -2.152919945     0.436934068     0.421191846    -0.004176984    -0.011432489     0.001750173
00583        2458938.3333333     -0.435353336     2.599562240     0.967831908    -0.010345704    -0.002144031    -0.002429249
00584        2458938.3333333     -2.868793508     0.272240560    -0.458225086    -0.000531890    -0.007907514    -0.003915037
00585        2458938.3333333     -1.950376761    -1.078121646    -0.307858135     0.004813736    -0.010456109    -0.002969752
00586        2458938.3333333      2.571516484    -1.809481997    -0.685225563     0.005405333     0.006960329     0.002986916
00587        2458938.3333333     -1.335767579     1.238449301     0.734732546    -0.008652750    -0.005456619    -0.008364038
00588        2458938.3333333      5.017354814    -1.858147384    -0.388453952     0.001415766     0.006061951     0.003842806
00589        2458938.3333333      3.011085066     0.370441079     0.057555587    -0.001470143     0.009677890     0.002185004
00590        2458938.3333333     -2.582096422     0.976598972     0.882734638    -0.004912056    -0.008739819    -0.002240042
00591        2458938.3333333     -2.097752689     0.507680944     0.111124736    -0.001912705    -0.010285323    -0.007346826
00592        2458938.3333333      1.935583696     1.766123840     0.349446526    -0.008000514     0.007579649     0.002124918
00593        2458938.3333333      2.119601051     1.276675211    -0.034390225    -0.006777400     0.006977074     0.005906067
00594        2458938.3333333     -0.151032589     3.176997440    -0.335647794    -0.007822450    -0.002589956     0.002136326
00595        2458938.3333333     -3.167323659     0.551435772     0.975014509    -0.002466694    -0.006968820    -0.005410149
00596        2458938.3333333      0.337089441     2.990116322     1.522830855    -0.008373203    -0.000665476     0.001980153
00597        2458938.3333333     -1.065491659    -2.102730833    -1.236348085     0.010091203    -0.001595305    -0.002682946
00598        2458938.3333333     -2.262749434     1.470087321     1.160276751    -0.007480449    -0.006134956    -0.000855936
00599        2458938.3333333     -2.820122758     1.349015552     1.674420377    -0.004983479    -0.005356648    -0.002580591
00600        2458938.3333333      2.632413567    -0.266807446    -0.393378802     0.001986319     0.009972746     0.002558585
00601        2458938.3333333     -1.663541458     2.933280600     0.473515729    -0.008003760    -0.003917551    -0.000111501
